0000000013010220190717016678046391
0000000023010220190731012704637093
0000000033010220190736020064701357
0000000043010220190756012612146115
0000000053010220190813012950253131
0000000063010220191156020064701357
0000000073010220191159012612146115
0000000083010220191201012950253131
0000000093010220191258020064701357
0000000103010220191259012612146115
0000000113010220191305012950253131
0000000123010220191721016678046391
0000000133010220191749012612146115
0000000143010220191756012950253131
0000000153010220191801020064701357
0000000163010220191809012704637093
0000000173040220190755020064701357
0000000183040220190810012612146115
0000000193040220190828012950253131
0000000203040220191150020064701357
0000000213040220191218012950253131
0000000223040220191254020064701357
0000000233040220191322012950253131
0000000243040220191757012950253131
0000000253040220191845020064701357
0000000263050220190657016678046391
0000000273050220190725012704637093
0000000283050220190755012950253131
0000000293050220190758020064701357
0000000303050220190818012612146115
0000000313050220191156020064701357
0000000323050220191156012612146115
0000000333050220191157012950253131
0000000343050220191255012612146115
0000000353050220191256020064701357
0000000363050220191301012950253131
0000000373050220191741012612146115
0000000383050220191752020064701357
0000000393050220191759012704637093
0000000403050220191801012950253131
0000000413050220191811016678046391
0000000423060220190657016678046391
0000000433060220190705012704637093
0000000443060220190710012950253131
0000000453060220190801020064701357
0000000463060220190801012612146115
0000000473060220191158012950253131
0000000483060220191159020064701357
0000000493060220191159012612146115
0000000503060220191258012612146115
0000000513060220191259012950253131
0000000523060220191301020064701357
0000000533060220191700012950253131
0000000543060220191756020064701357
0000000553060220191758012612146115
0000000563060220191802012704637093
0000000573060220191820016678046391
0000000583070220190658012704637093
0000000593070220190659016678046391
0000000603070220190758020064701357
0000000613070220190759012612146115
0000000623070220190833012950253131
0000000633070220191200012612146115
0000000643070220191204012950253131
0000000653070220191256012612146115
0000000663070220191302012950253131
0000000673070220191745012704637093
0000000683070220191758020064701357
0000000693070220191800012612146115
0000000703070220191801012950253131
0000000713070220191807016678046391
0000000723080220190657016678046391
0000000733080220190705012704637093
0000000743080220190748020064701357
0000000753080220190756012950253131
0000000763080220190800012612146115
0000000773080220191155012950253131
0000000783080220191157012612146115
0000000793080220191256012950253131
0000000803080220191257012612146115
0000000813080220191744016678046391
0000000823080220191751012612146115
0000000833080220191802012950253131
